pushplus_token: 123456abc ## pushplus推送token
refresh_token: 123456abc ## 阿里云网盘刷新token
bilibili_cookie: 123456abc ## B站cookie
jd_cookie: shshshfpa=38c297ee-a64d-7254-7b53-cff9d6d29a5a-1663685862; __jdu=16636858617811579085414; shshshfpx=38c297ee-a64d-7254-7b53-cff9d6d29a5a-1663685862; shshshfp=f0e07b34a9d2fa9456ae64645e468b58; TrackID=1WLyWJCggQOaN2I7wZNkQyU0r-HMIHXydBNrmLHwvf_wDGvhANkr8C8ESqVTYcPRgYY6S5pGtLHtHh03KJi1nxfpwzERCM76QXcBztK5mjrg; pinId=T5nyHsmHQZ9Sa-zA4uxF6rV9-x-f3wj7; 3AB9D23F7A4B3C9B=TLOQPFD23QGSIH4SEPXBLPL6KDSRAMO62LY3POBZVNXJHDSXYYHBFO73X5G2ZATS2V7XSFQ4VDO5GHKWIW5UQSQVK4; 3AB9D23F7A4B3CSS=jdd03TLOQPFD23QGSIH4SEPXBLPL6KDSRAMO62LY3POBZVNXJHDSXYYHBFO73X5G2ZATS2V7XSFQ4VDO5GHKWIW5UQSQVK4AAAAMJQFIIK6QAAAAADQSZMT5ONAOIOUX; __jda=76161171.16636858617811579085414.1663685861.1690090359.1705219281.14; __jdc=76161171; __jdv=76161171|direct|-|none|-|1705219280859; areaId=2; ipLoc-djd=2-2833-0-0; PCSYCityID=CN_310000_310100_0; wxa_level=1; retina=1; cid=9; jxsid=17052192970571168379; appCode=ms0ca95114; webp=1; mba_muid=16636858617811579085414; visitkey=8189672341728714387; shshshsID=e1c37b36458ad75780053942e948aae9_2_1705219302077; jcap_dvzw_fp=mprINWZWGOXifcs0QFaGDbwTwhAfArezmbSu1ViDe72BTbYoL6APkS5J3m_gQ_TsUUwuZA==; TrackerID=7RJXIk0abXW5u9YfovLwnGvQ7Fb5a0RhHzFRv4Hf_JqncUf2GZXAzrcKGC8-a7R9BL3DFAm3TXd4OMbK801MjRmJQPHyBofuGUBQoNiLF-7V2CZY5zFooAlrC-2Xm-FfUtAdJvISa5QwgZrFU9x-vA; pt_key=AAJlo5UHADA1Qo5wC50Skj7F6eD9c0hn4Y-34CXe9GySamwc5qY5cjTZx323jo3jRHZNiVbuWtk; pt_pin=jd_4354f2be6aea6; pt_token=9rfouq7q; pwdt_id=jd_4354f2be6aea6; sfstoken=tk01mcb941c9aa8sMisyKzJpRno5FRa7Tx1R48NvbVxpIlBR7sJ6uWDprJfQ6CbBsOUSxMmJCf6Tuq4i83uFRNzmAe0j; whwswswws=; autoOpenApp_downCloseDate_jd_homePage=1705219340029_1; wqmnx1=MDEyNjM4NHMubW9vNjhvLm5pU2lPcHQxTEdlNmw4LzVmVTJWTykoKQ%3D%3D; cd_eid=jdd03TLOQPFD23QGSIH4SEPXBLPL6KDSRAMO62LY3POBZVNXJHDSXYYHBFO73X5G2ZATS2V7XSFQ4VDO5GHKWIW5UQSQVK4AAAAMJQFIIK6QAAAAADQSZMT5ONAOIOUX; __jdb=76161171.7.16636858617811579085414|14.1705219281; mba_sid=17052192971569444186144620546.5; sc_width=414; __wga=1705219347982.1705219347982.1705219347982.1705219347982.1.1; PPRD_P=UUID.16636858617811579085414; jxsid_s_t=1705219348032; jxsid_s_u=https%3A//home.m.jd.com/myJd/home.action; shshshfpb=BApXerdv2BehANDn-VAqc4Mmapo5tFCuAByEpX01q9xJ1ItZfQtKFx07t3in_ZYd2cuP3QmKCsg; __jd_ref_cls=W_jdgwxcx_MyJD_paidOrderExpo ##京东cookie
